yminusthree yminustwo yminusone tot_obs_egg tot_est_egg tot_mat_B tcb Threshold res_SR res_tot_egg init_age_3 tot_sp_B tot_sp_N tot_mat_N tot_post_N N sel_naa_prop3 sel_naa_prop4 sel_naa_prop5 sel_naa_prop6 sel_naa_prop7 sel_naa_prop8 obs_c_comp3 obs_c_comp4 obs_c_comp5 obs_c_comp6 obs_c_comp7 obs_c_comp8 est_sp_comp3 est_sp_comp4 est_sp_comp5 est_sp_comp6 est_sp_comp7 est_sp_comp8 obs_sp_comp3 obs_sp_comp4 obs_sp_comp5 obs_sp_comp6 obs_sp_comp7 obs_sp_comp8 SR Year
 45770.6 45793.9 45607.4 3.15 3.23519 41280.9 4385 7500 1.20851 -0.026686 186.891 37302.9 443.122 489.596 661.265 707.739 0.0847768 0.711729 0.173961 0.0295328 6.98061e-09 8.77047e-08 0.160562 0.696965 0.12752 0.0124888 0.00246416 0 0.111252 0.740964 0.128074 0.0197104 4.57669e-09 5.73346e-08 0.167845 0.714579 0.110875 0.0134343 1e-07 1e-07 160.711 1980
 46312.1 46510.1 46429.1 3 3.47476 42049.1 3506 7500 0.331837 -0.146914 69.07 38868.5 348.914 376.688 423.018 450.791 0.0334247 0.180394 0.665804 0.104384 0.0159935 5.02602e-08 0 0.08 0.72 0.18 0.02 0 0.0537295 0.231736 0.613669 0.0876588 0.0132067 4.13885e-08 0.02 0.25 0.62 0.11 0.01 0 164.103 1981
 32862.1 32837.8 32921.8 2.972 2.33305 29935.4 4363 7500 -0.541527 0.242057 66.3476 25977.4 221.533 254.292 277.779 310.538 0.0445995 0.0933308 0.226133 0.54642 0.0777883 0.0117285 0.193548 0.0322581 0.139785 0.473118 0.16129 0 0.0787185 0.130563 0.223292 0.488802 0.0683491 0.0102751 0.119119 0.0157089 0.212325 0.59616 0.0464017 0.0103652 129.552 1982
 39199.5 39167.7 39217.9 2.63 2.7547 35665.6 5450 7500 0.470505 -0.0463235 538.137 30721.5 266.8 306.142 659.146 698.488 0.369751 0.0908404 0.0833527 0.129201 0.281541 0.0453137 0.39 0.06 0.02 0.08 0.41 0.04 0.520041 0.100749 0.0645822 0.0903567 0.19326 0.0310103 0.674681 0.1012 0.0171821 0.0405835 0.152917 0.0134364 144.102 1983
 46945.5 46842 46735.2 3.25 3.68075 42222.2 5830 7500 2.00907 -0.124461 228.681 36933.3 342.671 388.708 563.142 609.179 0.127601 0.59528 0.0632204 0.0365779 0.0509051 0.126416 0.148515 0.663366 0.0693069 0.0693069 0.039604 0.00990099 0.172959 0.63716 0.0474072 0.0247826 0.0338594 0.0838318 0.12 0.69 0.07 0.05 0.05 0.02 159.88 1984
 40912.5 40888.4 40887.3 3.025 3.02879 36955.8 7475 7500 -0.0378103 -0.00125188 75.3808 30174.6 262.704 319.214 343.95 400.459 0.0444717 0.26783 0.542208 0.0364537 0.0189596 0.0900771 0.01 0.16 0.63 0.1 0.05 0.05 0.0721722 0.340447 0.47484 0.028671 0.0146222 0.0692474 0.0625 0.427083 0.479167 0.03125 0.0104167 0.0104167 142.541 1985
 32530.3 32570.6 32581.1 2.58 2.47687 29611.2 5443 7500 -1.93413 0.040794 230.679 24673.4 214.593 254.901 388.92 429.228 0.171423 0.110332 0.282 0.353074 0.0211843 0.0619862 0.06 0.04 0.31 0.53 0.05 0.01 0.274015 0.138645 0.246003 0.27738 0.0163282 0.0476281 0.31 0.06 0.22 0.34 0.04 0.04 125.139 1986
 49387.9 49812.9 49395.6 4.201 3.97135 45108.2 4216 7500 -2.20258 0.0562155 1192.13 41283.5 497.202 539.435 1374.41 1416.64 0.529357 0.202457 0.0558548 0.0892282 0.10003 0.0230724 0.535354 0.171717 0.040404 0.10101 0.141414 0.010101 0.63804 0.194033 0.0380279 0.0551593 0.0607643 0.0139755 0.53 0.17 0.04 0.1 0.14 0.01 168.945 1987
 65091.1 65430.3 64734.8 5.871 4.80336 58645.7 9575 7500 1.68631 0.200709 137.252 49959.4 603.755 704.782 829.613 930.64 0.0423566 0.735551 0.124478 0.0221692 0.0320247 0.0434209 0.02 0.85 0.06 0.03 0.03 0.01 0.0576699 0.786263 0.0921212 0.0147607 0.0209159 0.0282696 0.02 0.85 0.06 0.03 0.03 0.01 182.771 1988
 45414.4 45565.6 45456.5 2.7 2.92986 41173.5 12135 7500 -1.73725 -0.0817019 18.0888 30164.8 340.856 462.484 375.362 496.99 0.00680926 0.101991 0.756468 0.0797127 0.0126965 0.0423227 0.0306122 0.244898 0.673469 0.0306122 0.0204082 0 0.0126874 0.146702 0.726824 0.0679957 0.010596 0.0351944 0.01 0.19 0.75 0.02 0.01 0.01 142.513 1989
 27079.8 27020.5 27115 2.273 2.12082 24632.6 3804 7500 -2.94343 0.0692955 18.6714 21181.7 188.643 219.085 204.91 235.352 0.0137097 0.0258234 0.158012 0.69464 0.0644269 0.0433877 0.00990099 0.00990099 0.148515 0.752475 0.0594059 0.019802 0.0259824 0.0387767 0.167369 0.666403 0.0607068 0.0407624 0.02 0.01 0.15 0.7 0.09 0.03 112.387 1990
 32676.8 32893.9 32708.3 2.34716 2.66402 29909.2 1908 7500 -0.453441 -0.126631 986.878 28178.3 376.622 397.28 1084.51 1105.16 0.572781 0.021587 0.0178123 0.0696623 0.276095 0.0420625 0.722772 0.029703 0.00990099 0.029703 0.19802 0.00990099 0.715013 0.0215637 0.0127997 0.0456505 0.177938 0.0270347 0.74 0.05 0.01 0.04 0.15 0.01 136.588 1991
 52198.8 52545.3 51838.6 4.33512 4.08469 46917.7 5368 7500 1.02503 0.0595055 25.0829 42048 474.621 527.83 597.914 651.123 0.0103598 0.820556 0.0139375 0.00755723 0.0268666 0.120723 0.02 0.86 0.03 0.01 0.01 0.07 0.0138929 0.872201 0.010458 0.00513728 0.017939 0.0803715 0.02 0.89 0.04 0 0.02 0.04 170.382 1992
 36131.2 36350.1 36157.1 3.71503 2.31116 32746.4 10186 7500 0.65423 0.474638 5.92106 23505.8 243.181 338.002 256.251 351.072 0.00296527 0.0250322 0.869467 0.00944912 0.00462061 0.0884655 0.0129199 0.0413437 0.891473 0.0180879 0.00775194 0.0284238 0.00577967 0.0375854 0.868006 0.00836001 0.00399821 0.076271 0.02 0.02 0.87 0.03 0 0.06 121.029 1993
 22710.2 22673.7 22715.4 1.49413 1.62873 20598.7 4886.91 7500 1.44334 -0.0862547 86.7932 16165.4 135.851 171.656 198.911 234.716 0.0846215 0.011204 0.0384306 0.786191 0.00750439 0.0720488 0.0313112 0.0176125 0.0919765 0.78865 0.0293542 0.0410959 0.15969 0.0165318 0.0389256 0.714213 0.00668322 0.0639564 0.105263 0.0631579 0.0947368 0.652632 0.0421053 0.0421053 91.514 1994
 31448.6 31567.3 31443.9 3.49896 2.60918 28621.6 2977.9 7500 0.885313 0.29343 474.884 25920.1 219.722 241.009 568.42 589.708 0.440189 0.158202 0.00884798 0.0186754 0.340409 0.0336759 0.216667 0.05625 0.03125 0.0458333 0.620833 0.0291667 0.573021 0.163596 0.00648755 0.0124249 0.22252 0.0219501 0.347938 0.0773196 0.0257732 0.056701 0.46134 0.0309278 129.362 1995
 39926 40038.3 39788 3.59277 2.83713 36075.1 8249.15 7500 -0.514504 0.236131 232.819 28591.7 275.1 343.67 492.375 560.945 0.15012 0.61159 0.0969955 0.00349262 0.00666077 0.131141 0.391911 0.396095 0.0488145 0.0125523 0.0753138 0.0753138 0.203661 0.641755 0.0682719 0.00218599 0.00407999 0.0800459 0.263636 0.390486 0.0302725 0.031568 0.123019 0.161018 137.854 1996
 46125.6 46303.1 46274.6 2.8877 3.31137 43267.9 11254.5 20000 0.20277 -0.136903 387.545 33058 293.267 367.887 597.153 671.773 0.220084 0.257486 0.430667 0.0407152 0.00129287 0.0497554 0.254274 0.207265 0.316239 0.0363248 0.0384615 0.147436 0.320437 0.29061 0.32761 0.0275907 0.000857734 0.0328951 0.416829 0.182728 0.215116 0.0289277 0.0173527 0.139047 150.451 1997
 50174.1 49691.5 50508.9 3.58394 3.89149 45687.5 6786.56 20000 0.38443 -0.0823307 313.539 39530.9 341.7 392.564 607.387 658.251 0.167692 0.404432 0.195375 0.196076 0.0163824 0.0200422 0.132118 0.489749 0.177677 0.0979499 0.0250569 0.0774487 0.236422 0.449549 0.15166 0.137364 0.0112647 0.0137392 0.27193 0.482456 0.0859649 0.0824561 0.0157895 0.0614035 165.477 1998
 59143 59053.8 59370.5 4.49573 4.47447 53689.8 9421.46 20000 -0.135104 0.00473876 82.4086 45142.8 372.158 440.414 477.748 546.004 0.0358498 0.357469 0.372496 0.113408 0.102171 0.0186061 0.026253 0.396181 0.405728 0.0763723 0.052506 0.0429594 0.0565029 0.443038 0.320673 0.0879409 0.0777334 0.0141118 0.0409639 0.443373 0.373494 0.086747 0.0481928 0.00722892 175.753 1999
 57944.7 58170.3 58142.8 5.85134 4.85933 52725.8 4619.37 20000 1.27315 0.18577 184.271 48535.2 371.387 402.262 518.042 548.918 0.0816576 0.0954621 0.408324 0.266153 0.0725726 0.0758307 0.260802 0.0709877 0.359568 0.233025 0.0509259 0.0246914 0.134551 0.125675 0.385522 0.22892 0.0613763 0.0639552 0.209246 0.080292 0.381995 0.253041 0.053528 0.0218978 180.858 2000
 65332.9 65339.5 65471.2 6.02643 4.86801 59390.3 12060 20000 -0.697067 0.213469 243.049 48449.7 360.542 437.56 561.433 638.45 0.102701 0.206903 0.108518 0.3037 0.179718 0.098459 0.283447 0.247166 0.0680272 0.204082 0.160998 0.0362812 0.170092 0.268631 0.0972456 0.244578 0.14194 0.0775142 0.2373 0.1708 0.0585 0.2594 0.2167 0.0569 180.739 2001
 67013.4 67294.3 67135 4.07318 4.57813 60793.8 9935.5 20000 -0.168479 -0.116866 153.542 51780.5 374.944 436.706 520.299 582.062 0.0655086 0.270275 0.231626 0.0753226 0.188271 0.168996 0.144195 0.312734 0.187266 0.0805243 0.174157 0.101124 0.105862 0.344657 0.206645 0.0606859 0.1489 0.133251 0.0824 0.3491 0.1684 0.0631 0.1964 0.1403 185.028 2002
 78377.5 78036.9 79141.2 5.62743 5.71674 71623.3 6956.11 20000 0.114004 -0.0157465 646.041 65312.8 511.083 557.14 997.108 1043.16 0.230591 0.143755 0.25689 0.139099 0.0406375 0.189028 0.155056 0.125843 0.242697 0.177528 0.0516854 0.247191 0.339301 0.168567 0.214934 0.105834 0.0303918 0.140972 0.2645 0.1216 0.2345 0.104 0.0758 0.1992 195.949 2003
 98949.2 98122.1 99632.9 7.16901 7.03006 89859.1 10616.6 20000 0.48119 0.0195719 90.0158 80227.9 622.636 694.16 779.546 851.07 0.0254442 0.483884 0.134331 0.15593 0.0764898 0.123921 0.0283401 0.580972 0.139676 0.137652 0.0526316 0.0607287 0.03826 0.577724 0.113611 0.119623 0.0576511 0.0931304 0.0222 0.5612 0.1403 0.1291 0.0579 0.089 198.511 2004
 95479.8 95280 96256.6 8.13885 6.78077 87015.9 11520.3 20000 0.76381 0.182558 156.339 76564.9 546.919 619.739 678.516 751.337 0.0436296 0.066309 0.555722 0.0991931 0.103994 0.131152 0.0666667 0.0545455 0.529293 0.139394 0.10303 0.107071 0.0756196 0.0912437 0.541582 0.0876795 0.0903101 0.113566 0.0756 0.0378 0.496 0.1414 0.1374 0.1115 198.628 2005
 87517.6 87551.9 87943.6 5.30074 6.26074 79683.2 10069.4 20000 0.440625 -0.166453 219.611 70548.4 495.498 557.151 675.843 737.496 0.0687362 0.12915 0.0864748 0.465842 0.0750925 0.174705 0.159046 0.161034 0.107356 0.429423 0.0775348 0.0656064 0.117701 0.175752 0.0835107 0.408325 0.0646747 0.150036 0.1509 0.1468 0.0865 0.4205 0.0925 0.1026 197.813 2006
 92306.2 92547.9 92759.9 6.85769 6.52332 84012.7 11762.3 20000 0.34449 0.0499873 321.191 73342.2 505.46 574.801 767.694 837.035 0.102427 0.185036 0.153605 0.0662961 0.322804 0.169833 0.108434 0.182731 0.134538 0.0582329 0.36747 0.148594 0.166961 0.239036 0.140038 0.0547518 0.261852 0.137361 0.1033 0.2226 0.153 0.0755 0.2962 0.1491 198.357 2007
 104259 104845 105042 20.1484 7.26031 95010.8 14560.4 20000 -0.749829 1.0207 426.343 81801.9 573.949 660.082 926.161 1012.29 0.123684 0.245481 0.194397 0.103213 0.0401696 0.293055 0.0495238 0.167619 0.15619 0.106667 0.0704762 0.449524 0.19304 0.30276 0.168214 0.080737 0.0308511 0.224398 0.1855 0.2457 0.1325 0.1228 0.0626 0.2506 198.331 2008
 117651 119147 118678 9.00542 8.34176 107250 14874.5 20000 -1.28989 0.0765527 307.338 93756 644.324 731.54 927.025 1014.24 0.0799447 0.291308 0.251397 0.126287 0.0603111 0.190752 0.116981 0.264151 0.230189 0.122642 0.0641509 0.201887 0.125055 0.360931 0.219566 0.0998745 0.0468454 0.147727 0.0817 0.2509 0.2528 0.1178 0.0912 0.2053 194.785 2009
 114178 117452 114965 9.99957 7.78228 104202 17963.5 25000 0.060601 0.250693 279.935 87906.2 629.851 739.626 877.722 987.497 0.0692855 0.200284 0.319405 0.176011 0.0796903 0.155324 0.15146 0.202555 0.282847 0.162409 0.0711679 0.129562 0.11453 0.261032 0.290732 0.144593 0.0642554 0.124858 0.0856102 0.205829 0.327869 0.196721 0.0728597 0.111111 196.969 2010
 107627 112391 107120 13.0665 7.11308 97516.2 19539.2 25000 -1.71188 0.608118 93.7011 79790.6 539.207 654.211 648.629 763.632 0.0252091 0.197387 0.246556 0.24783 0.122601 0.160418 0.0951456 0.250485 0.240777 0.223301 0.145631 0.0446602 0.0441252 0.271322 0.23476 0.212343 0.103045 0.134405 0.0658 0.2567 0.2263 0.2398 0.13 0.081 198.547 2011
 81748.2 84512.2 76791.4 4.97979 5.16798 70341 13308.5 25000 1.33743 -0.037094 53.6242 58267.8 411.176 494.269 465.605 548.697 0.0180673 0.0824212 0.275829 0.214691 0.193043 0.215948 0.0858779 0.0839695 0.217557 0.198473 0.240458 0.173664 0.0334994 0.120387 0.280877 0.197184 0.174002 0.194051 0.1173 0.2119 0.2294 0.1786 0.1348 0.1278 191.47 2012
 -9 88438.7 73238.6 8.43356 5.64604 67796.4 5785.72 25000 0 0.401265 209.274 62547.7 376.432 406.384 534.7 564.652 0.0882947 0.0592458 0.11651 0.245152 0.171168 0.31963 0.118881 0.0606061 0.0815851 0.258741 0.16317 0.317016 0.15134 0.0812131 0.114756 0.220111 0.151133 0.281446 0.20283 0.0849057 0.0786164 0.198113 0.163522 0.272013 0 2013
 -9 -9 68398.5 3.96046 4.36996 64018 17077.4 25000 0 -0.098395 35.8431 48525.7 298.867 388.165 354.661 443.959 0.0162405 0.252231 0.0761451 0.0982382 0.187809 0.369337 0.0056391 0.31391 0.0657895 0.0827068 0.197368 0.334586 0.0293108 0.353682 0.0723154 0.0832627 0.155896 0.305533 0.0121212 0.387879 0.0969697 0.0808081 0.153535 0.268687 0 2014
 -9 -9 -9 4.59376 4.40607 58657.7 8855.83 25000 0 0.0417162 729.36 50623.9 412.611 471.391 941.279 1000.06 0.311209 0.0395357 0.255043 0.0465079 0.0531436 0.294561 0.17105 0.01692 0.23684 0.07707 0.09398 0.40414 0.459205 0.0460947 0.208585 0.0343822 0.0385732 0.21316 0.483333 0.011111 0.201852 0.046296 0.053704 0.203704 0 2015
